    4.4417    4.5041    0.9418    5.5155    2.6700
    6.5528    5.3936    2.7187    9.9750    1.5638
    5.5901    2.1810    1.9061    8.8881    2.8230
    7.8673    8.2334    3.0957   10.9928    1.0923
    8.2542    1.0297    0.7943    8.4201    3.3585
    9.4857    5.7076    1.1695    9.6028    2.2969
   11.5545    7.1665    0.8100   12.6692    2.4220
    7.4483    6.2437    4.6320    7.8059    1.1193
    4.5870    3.0493    2.3693    5.1025    2.5041
    6.4342    5.7740    4.4951   11.0371    1.2618
    5.4047    6.5704    1.2480    7.2512    1.8712
    8.8429    8.2873    1.2212   14.5695    1.3733
    6.8435    3.2302    1.3445    7.2749    2.1794
    7.4380    7.2168    5.7103    9.9429    0.7591
    4.2806    3.6578    1.4943    7.5646    1.8952
    4.4126    1.4939    1.0364    5.4835    2.8623
    6.6130    7.8621    2.5675   13.3642    1.2347
   10.7983    6.0995    4.4268   10.5330    1.1176
    5.9479    5.8573    7.0178   11.8164    0.6923
    2.0712    1.7768    1.7448    2.8715    3.2660